7 0 704 
2 192 640 
2 256 640 
2 320 640 
2 384 640 
2 448 640 
2 512 640 
2 576 640 
2 704 640 
2 832 640 
2 1024 640 
2 1088 640 
2 960 640 
2 896 640 
2 768 640 
2 640 640 
8 192 704 
8 256 704 
8 320 704 
8 448 704 
8 704 704 
8 896 704 
8 1024 704 
8 1152 704 
8 1088 704 
8 960 704 
8 832 704 
8 768 704 
8 640 704 
8 512 704 
8 384 704 
8 576 704 
9 1216 704 
6 1216 640 
6 1216 576 
6 1216 512 
6 1216 448 
6 1216 384 
6 1216 256 
6 1216 64 
6 1216 128 
6 1216 192 
6 1216 320 
3 1216 0 
2 1152 0 
2 1088 0 
2 896 0 
2 704 0 
2 512 0 
2 320 0 
2 192 0 
2 64 0 
1 0 0 
4 0 64 
4 0 128 
4 0 192 
4 0 384 
4 0 512 
4 0 576 
4 0 640 
4 0 448 
4 0 320 
4 0 256 
2 128 0 
2 256 0 
2 384 0 
2 448 0 
2 576 0 
2 640 0 
2 768 0 
2 832 0 
2 960 0 
2 1024 0 
4 1152 576 
4 1152 512 
4 1152 448 
4 1152 320 
4 1152 256 
4 1152 192 
4 1152 128 
4 1152 384 
10 1152 640 
12 1152 64 
8 1088 64 
8 1024 64 
8 832 64 
8 704 64 
8 448 64 
8 192 64 
8 128 64 
8 256 64 
8 320 64 
8 384 64 
8 512 64 
8 576 64 
8 640 64 
8 768 64 
8 896 64 
8 960 64 
6 64 128 
6 64 192 
6 64 256 
6 64 320 
6 64 384 
6 64 512 
6 64 576 
6 64 448 
2 128 640 
8 128 704 
8 64 704 
11 64 640 
13 64 64 
1 512 384 
7 512 448 
3 576 384 
9 576 448 
1 704 384 
